strudl '2013 problem  #6.15c Circular arch 80 elements'
type plane frame
units kips feet
joint coordinates
1       0.0             0.0
2	0.03083855	1.57039263
3	0.123306651	3.138363829
4	0.277261722	4.701495898
5	0.492466376	6.257378602
6	0.768588784	7.803612881
7	1.105203184	9.337814554
8	1.501790542	10.85761799
9	1.957739348	12.36067977
10	2.472346563	13.84468228
11	3.0448187	15.30733729
12	3.674273047	16.7463895
13	4.359739032	18.15961999
14	5.100159717	19.54484966
15	5.894393426	20.89994259
16	6.741215508	22.22280932
17	7.639320225	23.51141009
18	8.587322765	24.76375797
19	9.583761376	25.97792193
20	10.62709962	27.15202982
21	11.71572875	28.28427125
22	12.84797018	29.37290038
23	14.02207807	30.41623862
24	15.23624203	31.41267724
25	16.48858991	32.36067977
26	17.77719068	33.25878449
27	19.10005741	34.10560657
28	20.45515034	34.89984028
29	21.84038001	35.64026097
30	23.2536105	36.32572695
31	24.69266271	36.9551813
32	26.15531772	37.52765344
33	27.63932023	38.04226065
34	29.14238201	38.49820946
35	30.66218545	38.89479682
36	32.19638712	39.23141122
37	33.7426214	39.50753362
38	35.2985041	39.72273828
39	36.86163617	39.87669335
40	38.42960737	39.96916145
41	40	        40
42	41.57039263	39.96916145
43	43.13836383	39.87669335
44	44.7014959	39.72273828
45	46.2573786	39.50753362
46	47.80361288	39.23141122
47	49.33781455	38.89479682
48	50.85761799	38.49820946
49	52.36067977	38.04226065
50	53.84468228	37.52765344
51	55.30733729	36.9551813
52	56.7463895	36.32572695
53	58.15961999	35.64026097
54	59.54484966	34.89984028
55	60.89994259	34.10560657
56	62.22280932	33.25878449
57	63.51141009	32.36067977
58	64.76375797	31.41267724
59	65.97792193	30.41623862
60	67.15202982	29.37290038
61	68.28427125	28.28427125
62	69.37290038	27.15202982
63	70.41623862	25.97792193
64	71.41267724	24.76375797
65	72.36067977	23.51141009
66	73.25878449	22.22280932
67	74.10560657	20.89994259
68	74.89984028	19.54484966
69	75.64026097	18.15961999
70	76.32572695	16.7463895
71	76.9551813	15.30733729
72	77.52765344	13.84468228
73	78.04226065	12.36067977
74	78.49820946	10.85761799
75	78.89479682	9.337814554
76	79.23141122	7.803612881
77	79.50753362	6.257378602
78	79.72273828	4.701495898
79	79.87669335	3.138363829
80	79.96916145	1.57039263
81	80	        0

generate 80 members id 'A1' inc 1 from 1 inc 1 to 2 inc 1
unit inch
constants
e 29000 all
member property
'A1' to 'A80' ax 40 iz 400
status support joints 1 81
joint releases
1  81 moment z
member release
'A40' end moment z
units feet
Loading 1 'Gravity'
member loads
'A1' to 'A80'  force y global uniform -.6
stiffness analysis
list reactions
list forces
units inch
list displacements